Econ512_HW1
step=(20-(-10))/200;
X_2=-10:step:20

X_2 =

  Columns 1 through 8

  -10.0000   -9.8500   -9.7000   -9.5500   -9.4000   -9.2500   -9.1000   -8.9500

  Columns 9 through 16

   -8.8000   -8.6500   -8.5000   -8.3500   -8.2000   -8.0500   -7.9000   -7.7500

  Columns 17 through 24

   -7.6000   -7.4500   -7.3000   -7.1500   -7.0000   -6.8500   -6.7000   -6.5500

  Columns 25 through 32

   -6.4000   -6.2500   -6.1000   -5.9500   -5.8000   -5.6500   -5.5000   -5.3500

  Columns 33 through 40

   -5.2000   -5.0500   -4.9000   -4.7500   -4.6000   -4.4500   -4.3000   -4.1500

  Columns 41 through 48

   -4.0000   -3.8500   -3.7000   -3.5500   -3.4000   -3.2500   -3.1000   -2.9500

  Columns 49 through 56

   -2.8000   -2.6500   -2.5000   -2.3500   -2.2000   -2.0500   -1.9000   -1.7500

  Columns 57 through 64

   -1.6000   -1.4500   -1.3000   -1.1500   -1.0000   -0.8500   -0.7000   -0.5500

  Columns 65 through 72

   -0.4000   -0.2500   -0.1000    0.0500    0.2000    0.3500    0.5000    0.6500

  Columns 73 through 80

    0.8000    0.9500    1.1000    1.2500    1.4000    1.5500    1.7000    1.8500

  Columns 81 through 88

    2.0000    2.1500    2.3000    2.4500    2.6000    2.7500    2.9000    3.0500

  Columns 89 through 96

    3.2000    3.3500    3.5000    3.6500    3.8000    3.9500    4.1000    4.2500

  Columns 97 through 104

    4.4000    4.5500    4.7000    4.8500    5.0000    5.1500    5.3000    5.4500

  Columns 105 through 112

    5.6000    5.7500    5.9000    6.0500    6.2000    6.3500    6.5000    6.6500

  Columns 113 through 120

    6.8000    6.9500    7.1000    7.2500    7.4000    7.5500    7.7000    7.8500

  Columns 121 through 128

    8.0000    8.1500    8.3000    8.4500    8.6000    8.7500    8.9000    9.0500

  Columns 129 through 136

    9.2000    9.3500    9.5000    9.6500    9.8000    9.9500   10.1000   10.2500

  Columns 137 through 144

   10.4000   10.5500   10.7000   10.8500   11.0000   11.1500   11.3000   11.4500

  Columns 145 through 152

   11.6000   11.7500   11.9000   12.0500   12.2000   12.3500   12.5000   12.6500

  Columns 153 through 160

   12.8000   12.9500   13.1000   13.2500   13.4000   13.5500   13.7000   13.8500

  Columns 161 through 168

   14.0000   14.1500   14.3000   14.4500   14.6000   14.7500   14.9000   15.0500

  Columns 169 through 176

   15.2000   15.3500   15.5000   15.6500   15.8000   15.9500   16.1000   16.2500

  Columns 177 through 184

   16.4000   16.5500   16.7000   16.8500   17.0000   17.1500   17.3000   17.4500

  Columns 185 through 192

   17.6000   17.7500   17.9000   18.0500   18.2000   18.3500   18.5000   18.6500

  Columns 193 through 200

   18.8000   18.9500   19.1000   19.2500   19.4000   19.5500   19.7000   19.8500

  Column 201

   20.0000

clear
A=[2 4 6, 1 7 5, 3 12 4];
b=[-2, 3, 10];
C=A'*b

C =

    -4     6    20
    -8    12    40
   -12    18    60
    -2     3    10
   -14    21    70
   -10    15    50
    -6     9    30
   -24    36   120
    -8    12    40

Econ512_HW1

B =

     2     4     6     0     0     0     0     0     0     0     0     0     0     0     0
     1     7     5     0     0     0     0     0     0     0     0     0     0     0     0
     3    12     4     0     0     0     0     0     0     0     0     0     0     0     0
     0     0     0     2     4     6     0     0     0     0     0     0     0     0     0
     0     0     0     1     7     5     0     0     0     0     0     0     0     0     0
     0     0     0     3    12     4     0     0     0     0     0     0     0     0     0
     0     0     0     0     0     0     2     4     6     0     0     0     0     0     0
     0     0     0     0     0     0     1     7     5     0     0     0     0     0     0
     0     0     0     0     0     0     3    12     4     0     0     0     0     0     0
     0     0     0     0     0     0     0     0     0     2     4     6     0     0     0
     0     0     0     0     0     0     0     0     0     1     7     5     0     0     0
     0     0     0     0     0     0     0     0     0     3    12     4     0     0     0
     0     0     0     0     0     0     0     0     0     0     0     0     2     4     6
     0     0     0     0     0     0     0     0     0     0     0     0     1     7     5
     0     0     0     0     0     0     0     0     0     0     0     0     3    12     4

clear
A5= normrnd(10,5,5,3);
A5(A5<10)=0;
A5(A5>=10)=1;
load datahw1
{Error using <a href="matlab:matlab.internal.language.introspective.errorDocCallback('load')" style="font-weight:bold">load</a>
Unable to read file 'datahw1'. No such file or directory.
} 
M=csvread('datahw1.csv');
save('datahw1.mat','M');
load('datahw1.mat')
load('datahw1.mat')


exprt =  M(:,3);
RD = M(:,4);
prod = M(:,5);
cap = M(:,6);
X=[ ones(size(exp) exprt RD cap ];
 X=[ ones(size(exp) exprt RD cap ];
                    
{Error: Invalid expression. Check for missing multiplication operator, missing or
unbalanced delimiters, or other syntax error. To construct matrices, use brackets instead
of parentheses.
} 
clear
M = csvread('datahw1.csv');
save('datahw1.mat','M');
load('datahw1.mat');
x1 =  M(:,3); % export
x2 = M(:,4);  % RD
y = M(:,5);  % prod
x3 = M(:,6); % capital
X=[ ones(size(exp) x1 x2 x3];
 X=[ ones(size(exp) x1 x2 x3];
                    
{Error: Invalid expression. Check for missing multiplication operator, missing or
unbalanced delimiters, or other syntax error. To construct matrices, use brackets instead
of parentheses.
} 
X=[ones(size(exp) x1 x2 x3];
 X=[ones(size(exp) x1 x2 x3];
                   
{Error: Invalid expression. Check for missing multiplication operator, missing or
unbalanced delimiters, or other syntax error. To construct matrices, use brackets instead
of parentheses.
} 

X=[ones(size(exp) x1 x2 x3];
 X=[ones(size(exp) x1 x2 x3];
                   
{Error: Invalid expression. Check for missing multiplication operator, missing or
unbalanced delimiters, or other syntax error. To construct matrices, use brackets instead
of parentheses.
} 
X=[ones(size(x1) x1 x2 x3];f
 X=[ones(size(x1) x1 x2 x3];f
                  
{Error: Invalid expression. Check for missing multiplication operator, missing or
unbalanced delimiters, or other syntax error. To construct matrices, use brackets instead
of parentheses.
} 
X=[ones(size(x1)) x1 x2 x3];
b = regress(y,X);
[beta, sigma] = mvregress(y,X);
clear
M = csvread('datahw1.csv');
save('datahw1.mat','M');
load('datahw1.mat');
x1 =  M(:,3); % export
x2 = M(:,4);  % RD
y = M(:,5);  % prod
x3 = M(:,6); % capital
X=[x1 x2 x3];
% Since the matlab does not have a OLS regression function for multivariate
% regression that returns both the coefficients and their standard errors,
% I use a new function to find it. 
[b_hat, se, stat]= ols(y, X)
{Error using <a href="matlab:matlab.internal.language.introspective.errorDocCallback('ols')" style="font-weight:bold">ols</a>
Too many output arguments.
} 

[b_hat, se]= ols(y, X)
{Undefined variable "params" or class "params.var_type".

Error in <a href="matlab:matlab.internal.language.introspective.errorDocCallback('ols', '/Users/macbook/Documents/MATLAB/ols.m', 18)" style="font-weight:bold">ols</a> (<a href="matlab: opentoline('/Users/macbook/Documents/MATLAB/ols.m',18,0)">line 18</a>)
    switch params.var_type
} 
[b_hat, se, stat]= ols(y, X, 'white')
{Dot indexing is not supported for variables of this type.

Error in <a href="matlab:matlab.internal.language.introspective.errorDocCallback('ols', '/Users/macbook/Documents/MATLAB/ols.m', 19)" style="font-weight:bold">ols</a> (<a href="matlab: opentoline('/Users/macbook/Documents/MATLAB/ols.m',19,0)">line 19</a>)
    switch params.var_type
} 
[b_hat, se, stat]= ols(y, X)
{Not enough input arguments.

