Econ512_HW1

s =

        1000


C =

    29
   133
    43


D =

   -3.2505
    0.3961
    0.8037


E =

     6    23    15


F =

     2     4
     3    12


x =

   -0.1622
    1.2432
   -1.1081


B =

     2     4     6     0     0     0     0     0     0     0     0     0     0     0     0
     1     7     5     0     0     0     0     0     0     0     0     0     0     0     0
     3    12     4     0     0     0     0     0     0     0     0     0     0     0     0
     0     0     0     2     4     6     0     0     0     0     0     0     0     0     0
     0     0     0     1     7     5     0     0     0     0     0     0     0     0     0
     0     0     0     3    12     4     0     0     0     0     0     0     0     0     0
     0     0     0     0     0     0     2     4     6     0     0     0     0     0     0
     0     0     0     0     0     0     1     7     5     0     0     0     0     0     0
     0     0     0     0     0     0     3    12     4     0     0     0     0     0     0
     0     0     0     0     0     0     0     0     0     2     4     6     0     0     0
     0     0     0     0     0     0     0     0     0     1     7     5     0     0     0
     0     0     0     0     0     0     0     0     0     3    12     4     0     0     0
     0     0     0     0     0     0     0     0     0     0     0     0     2     4     6
     0     0     0     0     0     0     0     0     0     0     0     0     1     7     5
     0     0     0     0     0     0     0     0     0     0     0     0     3    12     4


A5 =

    2.9887   17.0966   13.4831
    2.8881   11.4579   14.1754
   12.4410   10.9891    8.7814
    9.1131   17.9385   11.0784
    9.0197    5.9777    4.1708

     2     4     6
     1     7     5
     3    12     4


b_hat =

    0.0817
    0.1201
    0.1399
    0.0295


se =

    0.0193
    0.0061
    0.0089
    0.0020

Econ512_HW1

s =

        1000


C =

    29
   133
    43


D =

   -3.2505
    0.3961
    0.8037


E =

   205


F =

     2     4
     3    12


x =

   -0.1622
    1.2432
   -1.1081


B =

     2     4     6     0     0     0     0     0     0     0     0     0     0     0     0
     1     7     5     0     0     0     0     0     0     0     0     0     0     0     0
     3    12     4     0     0     0     0     0     0     0     0     0     0     0     0
     0     0     0     2     4     6     0     0     0     0     0     0     0     0     0
     0     0     0     1     7     5     0     0     0     0     0     0     0     0     0
     0     0     0     3    12     4     0     0     0     0     0     0     0     0     0
     0     0     0     0     0     0     2     4     6     0     0     0     0     0     0
     0     0     0     0     0     0     1     7     5     0     0     0     0     0     0
     0     0     0     0     0     0     3    12     4     0     0     0     0     0     0
     0     0     0     0     0     0     0     0     0     2     4     6     0     0     0
     0     0     0     0     0     0     0     0     0     1     7     5     0     0     0
     0     0     0     0     0     0     0     0     0     3    12     4     0     0     0
     0     0     0     0     0     0     0     0     0     0     0     0     2     4     6
     0     0     0     0     0     0     0     0     0     0     0     0     1     7     5
     0     0     0     0     0     0     0     0     0     0     0     0     3    12     4


A5 =

    4.2602   10.9367   14.2019
   10.5244    9.5875    5.5598
   13.6113    0.3349   10.5005
   22.9275    7.8052    7.2774
    6.6655    1.0266   11.5176

     2     4     6
     1     7     5
     3    12     4


b_hat =

    0.0817
    0.1201
    0.1399
    0.0295


se =

    0.0193
    0.0061
    0.0089
    0.0020

Econ512_HW1

s =

        1000


C =

    29
   133
    43


D =

   -3.2505
    0.3961
    0.8037


E =

   205


F =

     2     4
     3    12


x =

   -0.1622
    1.2432
   -1.1081


B =

     2     4     6     0     0     0     0     0     0     0     0     0     0     0     0
     1     7     5     0     0     0     0     0     0     0     0     0     0     0     0
     3    12     4     0     0     0     0     0     0     0     0     0     0     0     0
     0     0     0     2     4     6     0     0     0     0     0     0     0     0     0
     0     0     0     1     7     5     0     0     0     0     0     0     0     0     0
     0     0     0     3    12     4     0     0     0     0     0     0     0     0     0
     0     0     0     0     0     0     2     4     6     0     0     0     0     0     0
     0     0     0     0     0     0     1     7     5     0     0     0     0     0     0
     0     0     0     0     0     0     3    12     4     0     0     0     0     0     0
     0     0     0     0     0     0     0     0     0     2     4     6     0     0     0
     0     0     0     0     0     0     0     0     0     1     7     5     0     0     0
     0     0     0     0     0     0     0     0     0     3    12     4     0     0     0
     0     0     0     0     0     0     0     0     0     0     0     0     2     4     6
     0     0     0     0     0     0     0     0     0     0     0     0     1     7     5
     0     0     0     0     0     0     0     0     0     0     0     0     3    12     4


A5 =

    6.9984   -0.6918   10.6202
   12.4498    5.8021   17.1835
   13.6968   16.7730    0.1955
   18.5594    4.6392    9.0115
    9.0294   14.8048    3.9608

     2     4     6
     1     7     5
     3    12     4


b_hat =

    0.0817
    0.1201
    0.1399
    0.0295


se =

    0.0193
    0.0061
    0.0089
    0.0020

