
s =

        1000


C =

    29
   133
    43


D =

   -3.2505
    0.3961
    0.8037


E =

     6    23    15


F =

     2     4
     3    12


x =

   -0.1622
    1.2432
   -1.1081


B =

     2     4     6     0     0     0     0     0     0     0     0     0     0     0     0
     1     7     5     0     0     0     0     0     0     0     0     0     0     0     0
     3    12     4     0     0     0     0     0     0     0     0     0     0     0     0
     0     0     0     2     4     6     0     0     0     0     0     0     0     0     0
     0     0     0     1     7     5     0     0     0     0     0     0     0     0     0
     0     0     0     3    12     4     0     0     0     0     0     0     0     0     0
     0     0     0     0     0     0     2     4     6     0     0     0     0     0     0
     0     0     0     0     0     0     1     7     5     0     0     0     0     0     0
     0     0     0     0     0     0     3    12     4     0     0     0     0     0     0
     0     0     0     0     0     0     0     0     0     2     4     6     0     0     0
     0     0     0     0     0     0     0     0     0     1     7     5     0     0     0
     0     0     0     0     0     0     0     0     0     3    12     4     0     0     0
     0     0     0     0     0     0     0     0     0     0     0     0     2     4     6
     0     0     0     0     0     0     0     0     0     0     0     0     1     7     5
     0     0     0     0     0     0     0     0     0     0     0     0     3    12     4


A5 =

    8.9752   13.3575   15.1735
    9.3793    3.9626   13.6344
   17.4485   13.5862    8.4828
   17.0452   18.1512   11.4694
   17.0860   12.4445    6.0636

     2     4     6
     1     7     5
     3    12     4


b_hat =

    0.0817
    0.1201
    0.1399
    0.0295


se =

    0.0193
    0.0061
    0.0089
    0.0020

Econ512_HW1

s =

        1000


C =

    29
   133
    43


D =

   -3.2505
    0.3961
    0.8037


E =

     6    23    15


F =

     2     4
     3    12


x =

   -0.1622
    1.2432
   -1.1081


B =

     2     4     6     0     0     0     0     0     0     0     0     0     0     0     0
     1     7     5     0     0     0     0     0     0     0     0     0     0     0     0
     3    12     4     0     0     0     0     0     0     0     0     0     0     0     0
     0     0     0     2     4     6     0     0     0     0     0     0     0     0     0
     0     0     0     1     7     5     0     0     0     0     0     0     0     0     0
     0     0     0     3    12     4     0     0     0     0     0     0     0     0     0
     0     0     0     0     0     0     2     4     6     0     0     0     0     0     0
     0     0     0     0     0     0     1     7     5     0     0     0     0     0     0
     0     0     0     0     0     0     3    12     4     0     0     0     0     0     0
     0     0     0     0     0     0     0     0     0     2     4     6     0     0     0
     0     0     0     0     0     0     0     0     0     1     7     5     0     0     0
     0     0     0     0     0     0     0     0     0     3    12     4     0     0     0
     0     0     0     0     0     0     0     0     0     0     0     0     2     4     6
     0     0     0     0     0     0     0     0     0     0     0     0     1     7     5
     0     0     0     0     0     0     0     0     0     0     0     0     3    12     4


A5 =

   14.4420   17.1919    9.4888
    4.2646   11.6260    8.7928
    4.6556    6.2254   11.5960
    5.9525   16.8515   11.5643
   -4.7214    1.4424    5.6756

     2     4     6
     1     7     5
     3    12     4


b_hat =

    0.0817
    0.1201
    0.1399
    0.0295


se =

    0.0193
    0.0061
    0.0089
    0.0020

Econ512_HW1

Y1 =

   -1.5000   -1.2500   -0.5000         0    0.5000    1.5000    2.5000    3.0000


Y2 =

   -1.5000   -0.8750    2.5000    6.0000   10.5000   22.5000   38.5000   48.0000


s =

        1000


C =

    29
   133
    43


D =

   -3.2505
    0.3961
    0.8037


E =

     6    23    15


F =

     2     4
     3    12


x =

   -0.1622
    1.2432
   -1.1081


B =

     2     4     6     0     0     0     0     0     0     0     0     0     0     0     0
     1     7     5     0     0     0     0     0     0     0     0     0     0     0     0
     3    12     4     0     0     0     0     0     0     0     0     0     0     0     0
     0     0     0     2     4     6     0     0     0     0     0     0     0     0     0
     0     0     0     1     7     5     0     0     0     0     0     0     0     0     0
     0     0     0     3    12     4     0     0     0     0     0     0     0     0     0
     0     0     0     0     0     0     2     4     6     0     0     0     0     0     0
     0     0     0     0     0     0     1     7     5     0     0     0     0     0     0
     0     0     0     0     0     0     3    12     4     0     0     0     0     0     0
     0     0     0     0     0     0     0     0     0     2     4     6     0     0     0
     0     0     0     0     0     0     0     0     0     1     7     5     0     0     0
     0     0     0     0     0     0     0     0     0     3    12     4     0     0     0
     0     0     0     0     0     0     0     0     0     0     0     0     2     4     6
     0     0     0     0     0     0     0     0     0     0     0     0     1     7     5
     0     0     0     0     0     0     0     0     0     0     0     0     3    12     4


A5 =

    9.8497    5.6817   17.6632
    9.1756   10.3868    6.1517
   13.1385    3.9294   11.8569
   15.4663    4.4325    8.8721
   15.5464    9.9658   15.5868

     2     4     6
     1     7     5
     3    12     4


b_hat =

    0.0817
    0.1201
    0.1399
    0.0295


se =

    0.0193
    0.0061
    0.0089
    0.0020

Econ512_HW1

s =

        1000


C =

    29
   133
    43


D =

   -3.2505
    0.3961
    0.8037


E =

     6    23    15


F =

     2     4
     3    12


x =

   -0.1622
    1.2432
   -1.1081


B =

     2     4     6     0     0     0     0     0     0     0     0     0     0     0     0
     1     7     5     0     0     0     0     0     0     0     0     0     0     0     0
     3    12     4     0     0     0     0     0     0     0     0     0     0     0     0
     0     0     0     2     4     6     0     0     0     0     0     0     0     0     0
     0     0     0     1     7     5     0     0     0     0     0     0     0     0     0
     0     0     0     3    12     4     0     0     0     0     0     0     0     0     0
     0     0     0     0     0     0     2     4     6     0     0     0     0     0     0
     0     0     0     0     0     0     1     7     5     0     0     0     0     0     0
     0     0     0     0     0     0     3    12     4     0     0     0     0     0     0
     0     0     0     0     0     0     0     0     0     2     4     6     0     0     0
     0     0     0     0     0     0     0     0     0     1     7     5     0     0     0
     0     0     0     0     0     0     0     0     0     3    12     4     0     0     0
     0     0     0     0     0     0     0     0     0     0     0     0     2     4     6
     0     0     0     0     0     0     0     0     0     0     0     0     1     7     5
     0     0     0     0     0     0     0     0     0     0     0     0     3    12     4


A5 =

    4.5547   10.4297    6.9220
   10.1628    2.5420   13.7404
   12.7626    6.2885    9.0379
   15.5031    4.6921   14.4431
   17.7211   21.7523    6.1758

     2     4     6
     1     7     5
     3    12     4


b_hat =

    0.0817
    0.1201
    0.1399
    0.0295


se =

    0.0193
    0.0061
    0.0089
    0.0020

